75.278
75.341
75.395
75.392
75.365
75.241
75.269
75.205
75.211
75.304
75.314
75.291
75.393
75.422
75.489
75.357
75.398
75.521
75.434
75.381
75.354
75.324
75.326
75.443
75.414
75.446
75.417
75.432
75.372
75.382
75.487
75.425
75.404
75.430
75.457
75.372
75.435
75.515
75.440
75.416
75.434
75.504
75.466
75.456
75.507
75.588
75.563
75.586
75.633
75.661
75.712
75.753
75.770
75.693
75.814
75.806
75.803
75.843
75.911
75.998
75.867
75.942
75.890
75.835
75.953
75.878
75.916
75.926
75.926
76.060
75.929
76.065
75.960
75.972
75.978
75.977
76.008
76.025
76.113
76.088
76.075
76.054
76.118
76.049
76.142
76.187
76.283
76.245
76.287
76.247
76.309
76.276
76.233
76.318
76.292
76.276
76.363
76.475
76.405
76.355
76.358
76.382
76.288
76.339
76.312
76.341
76.345
76.360
76.292
76.381
76.404
76.422
76.438
76.392
76.406
76.371
76.439
76.506
76.401
76.373
76.401
76.437
76.553
76.644
76.588
76.568
76.557
76.587
76.618
76.647
76.789
76.829
76.813
76.870
76.781
76.768
76.847
76.872
76.811
76.918
77.045
77.067
76.976
77.015
77.045
77.136
77.123
77.111
77.030
77.048
77.117
77.194
77.148
77.230
77.202
77.202
77.196
77.241
77.245
77.194
77.232
77.245
77.208
77.372
77.248
77.251
77.243
77.171
77.237
77.313
77.380
77.395
77.348
77.383
77.343
77.264
77.272
77.274
77.287
77.373
77.406
77.434
77.525
77.571
77.549
77.494
77.521
77.649
77.644
77.597
77.633
77.662
77.646
77.705
77.673
77.733
77.684
77.636
77.702
77.733
77.797
77.866
77.782
77.921
77.938
77.896
77.832
77.849
77.843
77.833
77.913
77.990
77.978
78.005
77.911
77.907
77.939
78.030
78.114
78.047
78.093
78.129
78.065
78.014
78.112
78.120
78.139
78.255
78.216
78.280
78.179
78.129
78.167
78.153
78.138
78.185
78.219
78.194
78.095
78.209
78.192
78.169
78.179
78.169
78.185
78.228
78.266
78.340
78.301
78.299
78.328
78.405
78.473
78.531
78.581
78.609
78.473
78.461
78.457
78.379
78.457
78.379
78.492
78.542
78.471
78.555
78.525
78.651
78.588
78.622
78.683
78.678
78.792
78.835
78.787
78.764
78.743
78.848
78.861
78.875
78.902
78.892
78.960
78.822
78.945
78.840
78.894
78.882
78.838
78.868
78.918
78.916
78.992
78.921
78.945
79.071
79.093
79.165
79.119
79.097
79.116
79.117
79.038
79.087
79.181
79.213
79.278
79.201
79.164
79.167
79.112
79.107
79.188
79.230
79.253
79.179
79.347
79.289
79.322
79.352
79.286
79.295
79.370
79.384
79.281
79.283
79.253
79.218
79.314
79.399
79.397
79.276
79.327
79.355
79.443
79.358
79.444
79.526
79.363
79.347
79.468
79.554
79.665
79.565
79.541
79.536
79.607
79.585
79.604
79.588
79.475
79.522
79.545
79.520
79.550
79.644
79.732
79.700
79.607
79.594
79.624
79.689
79.684
79.725
79.692
79.613
79.748
79.774
79.807
79.704
79.804
79.797
79.799
79.887
79.884
79.913
79.913
79.866
79.830
79.912
79.949
79.942
80.025
80.005
79.948
80.030
80.083
79.983
80.004
80.073
80.009
80.041
80.078
80.007
80.037
80.071
79.986
80.065
79.976
80.018
80.123
80.094
80.201
80.238
80.249
80.233
80.168
80.037
80.100
80.105
80.231
80.267
80.241
80.077
80.139
80.101
80.111
80.195
80.183
80.177
80.206
80.315
80.357
80.329
80.349
80.368
80.340
80.457
80.358
80.340
80.309
80.440
80.444
80.433
80.427
80.363
80.392
80.486
80.482
80.489
80.429
80.464
80.522
80.592
80.591
80.533
80.480
80.430
80.564
80.572
80.580
80.573
80.479
80.567
80.478
80.485
80.530
80.565
80.654
80.662
80.761
80.761
80.720
80.609
80.654
80.730
80.666
80.689
80.774
80.801
80.697
80.686
80.650
80.780
80.714
80.776
80.879
80.845
80.802
80.844
80.704
80.697
80.710
80.718
80.685
80.773
80.772
80.793
80.734
80.715
80.792
80.722
80.739
80.678
80.776
80.709
80.780
80.739
80.784
80.829
80.846
80.712
80.693
80.718
80.730
80.863
80.780
80.757
80.850
80.889
80.826
80.863
80.916
80.930
80.951
80.956
80.878
80.923
80.873
80.835
80.807
80.970
80.973
80.985
80.972
81.015
80.983
80.975
81.031
81.015
80.938
80.950
80.933
80.922
81.023
80.929
81.021
81.021
81.079
80.985
80.916
81.003
81.041
81.155
81.062
81.007
81.094
81.052
81.063
81.040
81.101
81.124
81.062
81.088
81.028
81.040
80.998
81.148
81.131
81.171
81.147
81.168
81.080
81.049
81.091
81.021
81.024
81.125
81.219
81.205
81.168
81.174
81.186
81.264
81.266
81.263
81.208
81.146
81.228
81.238
81.226
81.248
81.192
81.096
81.172
81.181
81.265
81.254
81.268
81.209
81.261
81.181
81.256
81.258
81.236
81.221
81.268
81.283
81.287
81.315
81.204
81.266
81.294
