74.789
74.884
74.795
74.874
74.901
74.697
74.641
74.707
74.602
74.727
74.661
74.687
74.834
74.755
74.920
74.746
74.887
74.949
74.906
74.788
74.755
74.640
74.653
74.789
74.790
74.785
74.869
74.797
74.821
74.725
74.821
74.814
74.856
74.880
74.779
74.780
74.988
75.060
74.881
74.883
74.964
74.952
74.994
74.904
74.959
74.857
74.947
74.935
74.955
74.915
74.865
74.955
74.883
74.856
75.090
75.053
75.008
75.245
75.110
75.273
75.210
75.120
75.123
75.116
75.342
75.239
75.384
75.361
75.473
75.632
75.467
75.690
75.518
75.541
75.695
75.729
75.702
75.639
75.781
75.808
75.653
75.804
75.783
75.693
75.772
75.794
75.769
75.769
75.785
75.815
75.685
75.821
75.679
75.842
75.792
75.796
75.872
75.978
75.823
75.676
75.826
75.982
75.816
75.794
75.900
75.862
75.885
75.903
75.747
75.865
75.960
76.018
76.099
75.956
76.068
75.928
75.798
75.881
75.740
75.860
75.829
75.862
76.028
76.048
75.912
75.881
75.808
75.846
75.867
75.822
76.038
76.054
75.993
75.971
75.899
75.981
76.217
76.091
76.006
76.236
76.409
76.459
76.301
76.442
76.447
76.561
76.324
76.453
76.391
76.422
76.573
76.586
76.551
76.583
76.394
76.565
76.723
76.548
76.510
76.618
76.528
76.442
76.393
76.701
76.610
76.735
76.658
76.602
76.545
76.815
76.852
76.811
76.696
76.726
76.789
76.763
76.874
76.801
76.758
76.818
76.842
76.977
77.077
77.137
77.037
77.031
76.888
77.012
76.972
76.927
76.919
77.035
76.975
77.168
77.011
77.115
77.218
77.076
77.132
77.187
77.316
77.396
77.273
77.487
77.565
77.591
77.403
77.369
77.399
77.351
77.513
77.511
77.596
77.618
77.548
77.610
77.459
77.668
77.668
77.658
77.771
77.762
77.784
77.668
77.769
77.666
77.858
77.953
77.779
77.931
77.903
77.828
77.955
77.921
78.021
77.981
77.843
77.721
77.713
77.865
77.843
77.916
78.054
78.058
77.875
77.891
77.820
77.863
77.945
77.963
78.096
78.066
78.145
78.183
78.191
78.219
78.086
78.142
77.913
77.822
77.972
77.875
77.842
77.837
77.952
77.995
77.901
78.046
78.063
78.170
78.219
78.289
78.309
78.296
78.305
78.185
78.166
78.376
78.375
78.413
78.394
78.476
78.369
78.234
78.392
78.253
78.347
78.238
78.354
78.428
78.513
78.420
78.461
78.461
78.442
78.545
78.569
78.659
78.586
78.693
78.760
78.651
78.520
78.590
78.620
78.739
78.815
78.840
78.733
78.621
78.625
78.570
78.719
78.693
78.685
78.611
78.789
78.605
78.732
78.843
78.785
78.831
78.835
78.882
78.755
78.774
78.815
78.617
78.612
78.638
78.606
78.576
78.581
78.655
78.829
78.738
78.686
78.866
78.689
78.702
78.876
79.017
79.112
79.108
78.933
78.991
78.989
79.042
78.929
79.036
78.949
78.898
78.900
79.027
79.045
79.117
79.068
79.079
78.998
79.018
78.954
79.115
79.178
79.128
79.037
78.906
79.011
79.039
79.170
79.139
79.196
79.134
79.157
79.274
79.110
79.135
79.105
78.951
79.050
79.062
79.113
79.168
79.351
79.272
79.305
79.219
79.406
79.219
79.261
79.220
79.289
79.314
79.245
79.190
79.369
79.487
79.366
79.300
79.211
79.241
79.296
79.285
79.486
79.533
79.579
79.414
79.290
79.246
79.312
79.206
79.400
79.337
79.476
79.288
79.301
79.253
79.406
79.411
79.299
79.257
79.305
79.419
79.596
79.438
79.593
79.645
79.623
79.699
79.677
79.543
79.527
79.625
79.762
79.596
79.596
79.599
79.586
79.720
79.768
79.597
79.653
79.580
79.707
79.842
79.901
79.825
79.793
79.725
79.914
79.773
79.951
79.859
79.778
79.779
79.712
79.722
79.856
79.959
79.861
79.902
79.993
80.034
79.921
79.819
79.884
80.069
79.942
79.926
80.113
80.007
79.910
79.967
79.807
79.963
79.776
79.976
80.014
80.057
80.064
80.038
79.842
79.931
79.830
79.949
79.785
79.865
80.001
79.922
80.049
80.008
79.979
79.897
79.989
79.872
79.881
79.884
79.935
79.928
79.990
80.014
80.033
79.938
79.894
80.041
80.107
80.205
80.063
80.009
80.141
80.079
80.003
79.995
80.208
80.274
80.105
80.197
80.072
80.090
80.088
80.047
80.024
80.116
80.143
80.167
80.106
80.092
80.189
80.120
80.274
80.159
80.054
80.062
80.138
80.319
80.386
80.192
80.252
80.330
80.430
80.374
80.244
80.179
80.316
80.397
80.454
80.237
80.392
80.307
80.424
80.414
80.364
80.407
80.422
80.271
80.297
80.296
80.272
80.455
80.332
80.347
80.273
80.404
80.261
80.270
80.411
80.325
80.388
80.546
80.674
80.517
80.444
80.570
80.636
80.568
80.525
80.527
80.563
80.409
80.547
80.599
80.529
80.555
80.632
80.441
80.396
80.432
80.579
80.670
80.615
80.567
80.450
80.368
80.566
80.502
80.470
80.432
80.402
80.498
80.539
80.702
80.540
80.447
80.524
