75.614
75.680
75.812
75.653
75.681
75.564
75.530
75.500
75.566
75.667
75.735
75.579
75.736
75.835
75.897
75.783
75.649
75.831
75.781
75.897
75.720
75.608
75.637
75.827
75.721
75.749
75.653
75.803
75.758
75.757
75.932
75.760
75.645
75.616
75.838
75.795
75.855
75.927
75.760
75.674
75.710
75.814
75.799
75.904
75.901
75.988
75.842
75.929
75.791
75.922
75.992
75.945
76.076
75.994
76.037
76.124
76.136
75.998
76.124
76.143
76.010
76.152
76.005
75.934
76.078
76.070
76.020
76.086
75.987
76.107
76.052
76.064
76.122
76.245
76.104
76.074
76.120
76.140
76.222
76.179
76.212
76.074
76.149
76.122
76.145
76.269
76.348
76.342
76.417
76.244
76.336
76.158
76.048
76.141
76.109
76.048
76.069
76.253
76.364
76.368
76.371
76.278
76.187
76.273
76.063
76.081
76.054
76.111
76.170
76.247
76.222
76.227
76.254
76.111
76.192
76.058
76.240
76.288
76.126
76.076
76.179
76.149
76.323
76.404
76.391
76.230
76.244
76.340
76.250
76.261
76.423
76.420
76.575
76.549
76.393
76.374
76.408
76.643
76.483
76.512
76.663
76.691
76.541
76.592
76.572
76.618
76.850
76.848
76.787
76.663
76.599
76.763
76.840
76.890
76.958
76.799
76.714
76.961
77.061
76.890
76.902
77.026
77.049
77.057
76.962
76.809
77.010
76.856
76.916
76.813
76.907
77.035
77.007
77.090
77.002
76.903
76.807
76.883
76.785
76.877
76.947
76.951
77.042
76.922
76.944
76.833
76.891
77.019
76.977
76.954
77.051
77.151
77.054
77.037
77.197
77.247
77.095
77.002
77.167
77.049
77.086
77.245
77.288
77.283
77.301
77.261
77.378
77.330
77.311
77.338
77.451
77.531
77.618
77.618
77.489
77.461
77.467
77.454
77.574
77.565
77.520
77.531
77.518
77.511
77.517
77.631
77.516
77.647
77.748
77.780
77.588
77.517
77.509
77.478
77.476
77.584
77.715
77.805
77.669
77.843
77.908
77.820
77.794
77.740
77.776
77.866
77.950
78.025
78.034
77.993
78.045
78.139
78.280
78.284
78.323
78.440
78.245
78.251
78.326
78.236
78.417
78.268
78.538
78.647
78.421
78.510
78.659
78.644
78.532
78.518
78.489
78.490
78.755
78.764
78.665
78.698
78.714
78.760
78.712
78.858
78.904
78.800
78.921
78.781
78.928
78.906
78.865
78.986
78.749
78.723
78.735
78.877
78.891
78.741
78.708
78.930
78.919
79.104
78.929
78.952
79.058
79.164
79.041
78.953
79.089
79.147
79.085
79.001
78.953
79.173
79.074
78.946
79.145
79.099
79.098
79.117
79.283
79.237
79.298
79.338
79.126
79.228
79.230
79.307
79.246
79.066
79.048
79.180
79.252
79.427
79.354
79.201
79.383
79.490
79.362
79.310
79.465
79.539
79.365
79.367
79.475
79.495
79.644
79.459
79.430
79.586
79.691
79.526
79.611
79.460
79.379
79.439
79.494
79.512
79.525
79.778
79.943
79.784
79.751
79.744
79.898
79.730
79.749
79.846
79.723
79.743
79.844
79.963
80.057
79.878
79.889
80.082
79.943
80.025
80.164
80.109
80.234
80.209
80.168
80.215
80.342
80.115
80.192
80.280
80.147
80.363
80.364
80.354
80.247
80.414
80.318
80.478
80.508
80.407
80.479
80.352
80.326
80.415
80.328
80.422
80.647
80.615
80.622
80.705
80.594
80.735
80.751
80.577
80.754
80.636
80.757
80.815
80.675
80.556
80.698
80.688
80.632
80.675
80.865
80.732
80.841
80.923
81.050
80.990
80.810
80.822
80.847
81.025
80.889
80.926
80.828
81.057
80.946
81.098
81.059
80.981
80.903
81.049
80.952
81.098
80.957
81.137
81.150
81.168
81.247
81.260
81.034
80.986
81.099
81.110
81.106
81.015
80.977
81.182
81.117
81.180
81.120
81.162
81.294
81.412
81.510
81.430
81.512
81.320
81.402
81.311
81.218
81.269
81.251
81.470
81.366
81.318
81.238
81.376
81.386
81.380
81.559
81.561
81.420
81.429
81.438
81.395
81.353
81.288
81.490
81.588
81.462
81.479
81.370
81.245
81.467
81.406
81.499
81.415
81.508
81.306
81.457
81.350
81.442
81.509
81.434
81.256
81.222
81.210
81.146
81.207
81.133
81.066
81.065
81.313
81.245
81.247
81.240
81.344
81.400
81.304
81.276
81.417
81.248
81.204
81.203
81.398
81.476
81.376
81.473
81.483
81.480
81.321
81.315
81.439
81.468
81.397
81.377
81.256
81.303
81.229
81.327
81.294
81.239
81.236
81.227
81.459
81.364
81.514
81.380
81.516
81.412
81.353
81.340
81.299
81.446
81.418
81.340
81.499
81.380
81.250
81.298
81.437
81.455
81.521
81.455
81.384
81.520
81.379
81.452
81.416
81.346
81.481
81.673
81.699
81.599
81.605
81.619
81.749
81.656
81.585
81.475
81.471
81.497
81.591
81.675
81.706
81.605
81.511
81.581
81.529
81.713
81.648
81.522
81.579
81.762
81.579
81.690
81.840
81.769
81.772
81.745
81.668
81.710
81.587
81.567
81.695
81.683
