75.431
75.459
75.579
75.650
75.511
75.463
75.635
75.410
75.467
75.517
75.545
75.607
75.610
75.675
75.648
75.541
75.659
75.784
75.615
75.459
75.588
75.725
75.687
75.713
75.730
75.803
75.728
75.696
75.537
75.664
75.709
75.702
75.711
75.794
75.753
75.540
75.463
75.560
75.680
75.691
75.627
75.745
75.604
75.561
75.662
75.917
75.899
75.895
76.152
76.146
76.280
76.360
76.351
76.229
76.315
76.242
76.266
76.285
76.501
76.578
76.382
76.553
76.542
76.454
76.440
76.326
76.345
76.332
76.316
76.440
76.267
76.440
76.241
76.131
76.134
76.127
76.202
76.295
76.336
76.279
76.359
76.283
76.422
76.332
76.509
76.499
76.732
76.625
76.658
76.682
76.905
76.848
76.971
76.970
76.975
76.985
77.147
77.193
77.028
77.021
76.877
76.885
76.860
76.949
76.973
77.079
77.096
77.066
76.959
77.030
77.029
77.021
76.961
77.109
76.957
77.127
77.278
77.348
77.336
77.182
77.194
77.299
77.308
77.481
77.460
77.592
77.619
77.575
77.736
77.859
77.904
78.013
77.870
78.089
78.050
77.949
77.917
77.881
77.944
78.004
78.065
78.051
78.084
78.012
78.115
78.229
78.194
78.033
77.913
78.060
78.178
78.232
78.052
78.215
78.253
78.241
78.150
78.213
78.165
78.076
78.266
78.265
78.181
78.358
78.173
78.209
78.061
78.054
78.250
78.311
78.381
78.338
78.340
78.332
78.239
78.126
78.134
78.139
78.320
78.423
78.431
78.373
78.457
78.655
78.666
78.617
78.783
78.916
78.981
78.909
78.929
78.801
78.909
78.910
78.812
78.839
78.739
78.830
78.807
78.962
78.990
78.957
78.787
78.992
78.948
78.837
78.715
78.848
78.818
78.811
78.775
78.926
78.721
78.779
78.694
78.651
78.892
78.967
79.101
78.917
78.989
79.093
78.892
78.865
79.050
79.064
79.042
79.165
79.120
79.127
79.046
79.042
79.035
79.060
78.917
78.990
79.098
79.055
78.904
78.920
78.826
78.772
78.690
78.710
78.906
78.929
79.028
79.131
78.924
78.941
78.843
79.011
78.993
79.126
79.228
79.168
79.087
78.991
79.133
79.080
78.983
78.996
79.096
79.141
79.039
79.159
79.015
79.262
79.168
79.178
79.341
79.254
79.312
79.445
79.390
79.410
79.350
79.407
79.496
79.354
79.406
79.400
79.589
79.450
79.515
79.362
79.469
79.421
79.412
79.452
79.506
79.451
79.623
79.561
79.683
79.737
79.791
79.733
79.842
79.646
79.530
79.536
79.554
79.719
79.833
79.753
79.933
79.761
79.806
79.707
79.637
79.806
79.700
79.898
79.977
79.810
79.968
80.026
79.936
79.876
79.947
79.826
80.046
79.961
79.842
80.008
79.896
79.856
80.076
80.131
80.231
80.052
80.017
79.919
80.137
80.027
80.182
80.173
80.037
79.971
80.053
80.149
80.238
80.127
80.261
80.031
80.140
80.188
80.272
80.268
80.096
80.229
80.241
80.022
80.080
80.038
80.185
80.239
80.073
80.021
80.021
80.223
80.124
80.202
80.315
80.190
80.390
80.319
80.196
80.096
80.328
80.173
80.296
80.362
80.376
80.496
80.400
80.439
80.272
80.458
80.391
80.544
80.531
80.463
80.392
80.508
80.478
80.377
80.506
80.586
80.420
80.332
80.482
80.423
80.264
80.372
80.267
80.479
80.388
80.391
80.427
80.382
80.496
80.475
80.573
80.551
80.464
80.288
80.233
80.471
80.535
80.648
80.571
80.388
80.418
80.361
80.296
80.498
80.384
80.543
80.473
80.603
80.426
80.558
80.644
80.636
80.549
80.647
80.508
80.552
80.570
80.639
80.623
80.606
80.625
80.509
80.688
80.689
80.726
80.773
80.678
80.674
80.709
80.766
80.625
80.515
80.613
80.579
80.678
80.831
80.683
80.845
80.682
80.738
80.605
80.554
80.615
80.573
80.808
80.673
80.781
80.820
80.726
80.688
80.675
80.811
80.838
80.871
80.957
80.927
80.816
80.772
80.904
81.001
80.981
80.972
81.063
80.918
80.922
81.064
80.831
80.764
80.948
80.918
80.779
80.865
80.853
80.978
80.782
80.892
80.929
80.864
80.728
80.748
80.937
80.938
80.949
80.940
80.920
80.965
81.069
80.942
80.963
80.903
80.937
81.176
81.142
81.196
81.344
81.276
81.230
81.349
81.301
81.173
81.347
81.367
81.287
81.261
81.284
81.253
81.194
81.397
81.299
81.413
81.337
81.469
81.280
81.483
81.505
81.448
81.291
81.392
81.284
81.190
81.379
81.366
81.485
81.441
81.566
81.345
81.278
81.370
81.442
81.554
81.351
81.267
81.478
81.495
81.425
81.407
81.495
81.548
81.423
81.493
81.407
81.574
81.425
81.552
81.607
81.646
81.715
81.716
81.459
81.497
81.411
81.321
81.337
81.349
81.310
81.400
81.460
81.346
81.302
81.475
81.618
81.677
81.587
81.556
81.639
81.523
81.473
81.482
81.338
81.336
81.538
81.584
81.504
81.443
81.667
81.480
81.571
81.597
81.513
81.432
81.468
81.459
81.657
81.682
81.612
81.657
81.506
81.657
81.675
